4.25874125874
5.65222101842
13
7
0.583653293094
  (0, 0)	1.0
  (0, 1)	-0.22360679774997896
  (0, 2)	-0.20412414523193154
  (0, 3)	-0.1889822365046136
  (0, 4)	-0.16666666666666666
  (1, 0)	-0.22360679774997896
  (1, 1)	1.0
  (1, 2)	-0.18257418583505539
  (1, 3)	-0.1690308509457033
  (1, 4)	-0.14907119849998596
  (1, 5)	-0.15811388300841894
  (2, 0)	-0.20412414523193154
  (2, 1)	-0.18257418583505539
  (2, 2)	1.0000000000000002
  (2, 3)	-0.1543033499620919
  (2, 4)	-0.13608276348795434
  (2, 5)	-0.14433756729740646
  (2, 6)	-0.14433756729740646
  (3, 0)	-0.1889822365046136
  (3, 1)	-0.1690308509457033
  (3, 2)	-0.1543033499620919
  (3, 3)	0.9999999999999998
  (3, 4)	-0.1259881576697424
  (3, 5)	-0.13363062095621217
  (3, 6)	-0.13363062095621217
  :	:
  (139, 138)	-0.1111111111111111
  (139, 139)	1.0
  (139, 140)	-0.1259881576697424
  (139, 141)	-0.14907119849998596
  (139, 142)	-0.14907119849998596
  (140, 80)	-0.1091089451179962
  (140, 136)	-0.10101525445522107
  (140, 137)	-0.11952286093343936
  (140, 138)	-0.1259881576697424
  (140, 139)	-0.1259881576697424
  (140, 140)	0.9999999999999998
  (140, 141)	-0.1690308509457033
  (140, 142)	-0.1690308509457033
  (141, 137)	-0.1414213562373095
  (141, 138)	-0.14907119849998596
  (141, 139)	-0.14907119849998596
  (141, 140)	-0.1690308509457033
  (141, 141)	1.0
  (141, 142)	-0.19999999999999998
  (142, 137)	-0.1414213562373095
  (142, 138)	-0.14907119849998596
  (142, 139)	-0.14907119849998596
  (142, 140)	-0.1690308509457033
  (142, 141)	-0.19999999999999998
  (142, 142)	1.0
0.19114607483319138
{0: 0.028169014084507043, 1: 0.035211267605633804, 2: 0.04225352112676056, 3: 0.04929577464788733, 4: 0.06338028169014084, 5: 0.056338028169014086, 6: 0.056338028169014086, 7: 0.08450704225352113, 8: 0.06338028169014084, 9: 0.056338028169014086, 10: 0.06338028169014084, 11: 0.1056338028169014, 12: 0.056338028169014086, 13: 0.056338028169014086, 14: 0.07746478873239437, 15: 0.08450704225352113, 16: 0.06338028169014084, 17: 0.035211267605633804, 18: 0.035211267605633804, 19: 0.035211267605633804, 20: 0.056338028169014086, 21: 0.06338028169014084, 22: 0.07746478873239437, 23: 0.056338028169014086, 24: 0.06338028169014084, 25: 0.04929577464788733, 26: 0.09154929577464789, 27: 0.09154929577464789, 28: 0.06338028169014084, 29: 0.06338028169014084, 30: 0.07746478873239437, 31: 0.07746478873239437, 32: 0.07042253521126761, 33: 0.04225352112676056, 34: 0.04225352112676056, 35: 0.04225352112676056, 36: 0.04225352112676056, 37: 0.035211267605633804, 38: 0.056338028169014086, 39: 0.04225352112676056, 40: 0.04929577464788733, 41: 0.04225352112676056, 42: 0.056338028169014086, 43: 0.08450704225352113, 44: 0.06338028169014084, 45: 0.056338028169014086, 46: 0.07746478873239437, 47: 0.09859154929577466, 48: 0.04929577464788733, 49: 0.04225352112676056, 50: 0.06338028169014084, 51: 0.07746478873239437, 52: 0.035211267605633804, 53: 0.04225352112676056, 54: 0.035211267605633804, 55: 0.035211267605633804, 56: 0.035211267605633804, 57: 0.07042253521126761, 58: 0.07746478873239437, 59: 0.056338028169014086, 60: 0.07746478873239437, 61: 0.04225352112676056, 62: 0.09154929577464789, 63: 0.09859154929577466, 64: 0.06338028169014084, 65: 0.056338028169014086, 66: 0.06338028169014084, 67: 0.06338028169014084, 68: 0.056338028169014086, 69: 0.056338028169014086, 70: 0.056338028169014086, 71: 0.056338028169014086, 72: 0.056338028169014086, 73: 0.056338028169014086, 74: 0.056338028169014086, 75: 0.056338028169014086, 76: 0.056338028169014086, 77: 0.06338028169014084, 78: 0.056338028169014086, 79: 0.056338028169014086, 80: 0.08450704225352113, 81: 0.06338028169014084, 82: 0.056338028169014086, 83: 0.06338028169014084, 84: 0.1056338028169014, 85: 0.056338028169014086, 86: 0.056338028169014086, 87: 0.07746478873239437, 88: 0.08450704225352113, 89: 0.056338028169014086, 90: 0.035211267605633804, 91: 0.035211267605633804, 92: 0.035211267605633804, 93: 0.056338028169014086, 94: 0.07746478873239437, 95: 0.08450704225352113, 96: 0.056338028169014086, 97: 0.06338028169014084, 98: 0.04225352112676056, 99: 0.09154929577464789, 100: 0.09154929577464789, 101: 0.08450704225352113, 102: 0.06338028169014084, 103: 0.07042253521126761, 104: 0.07042253521126761, 105: 0.056338028169014086, 106: 0.04225352112676056, 107: 0.04225352112676056, 108: 0.04225352112676056, 109: 0.04225352112676056, 110: 0.035211267605633804, 111: 0.06338028169014084, 112: 0.04929577464788733, 113: 0.04929577464788733, 114: 0.04225352112676056, 115: 0.06338028169014084, 116: 0.08450704225352113, 117: 0.06338028169014084, 118: 0.056338028169014086, 119: 0.07042253521126761, 120: 0.1056338028169014, 121: 0.04929577464788733, 122: 0.04929577464788733, 123: 0.056338028169014086, 124: 0.07746478873239437, 125: 0.04225352112676056, 126: 0.04225352112676056, 127: 0.035211267605633804, 128: 0.04225352112676056, 129: 0.035211267605633804, 130: 0.07042253521126761, 131: 0.07042253521126761, 132: 0.07042253521126761, 133: 0.07746478873239437, 134: 0.04225352112676056, 135: 0.09154929577464789, 136: 0.09859154929577466, 137: 0.07042253521126761, 138: 0.06338028169014084, 139: 0.06338028169014084, 140: 0.04929577464788733, 141: 0.035211267605633804, 142: 0.035211267605633804}
30.170
53.600
2.48076923077
{0: 0.6666666666666666, 1: 1.0, 2: 0.39285714285714285, 3: 0.7, 4: 0.5, 5: 0.6666666666666666, 6: 0.47619047619047616, 7: 0.5333333333333333, 8: 0.38095238095238093, 9: 0.4, 10: 0.4, 11: 1.0, 12: 0.6666666666666666, 13: 0, 14: 0.4, 15: 0.4666666666666667, 16: 0.4666666666666667, 17: 0.2, 18: 0, 19: 0.4666666666666667, 20: 0.47619047619047616, 21: 1.0, 22: 0.36363636363636365, 23: 0.5238095238095238, 24: 0.5, 25: 0.5333333333333333, 26: 0.6666666666666666, 27: 1.0, 28: 0.6, 29: 0.7, 30: 0.5238095238095238, 31: 0.6666666666666666, 32: 0.47619047619047616, 33: 0.47619047619047616, 34: 0.6, 35: 1.0, 36: 0.3055555555555556, 37: 0.4, 38: 0.3333333333333333, 39: 1.0, 40: 0.3333333333333333, 41: 0.6, 42: 0.5, 43: 0.42857142857142855, 44: 0.16666666666666666, 45: 0, 46: 0.6666666666666666, 47: 0.3888888888888889, 48: 0.7, 49: 0.5, 50: 0.7, 51: 1.0}
0.272875816993
1.60784313725
{0: 0, 1: 0, 2: 0.3333333333333333, 3: 1.0, 4: 1.0, 5: 0.6666666666666666, 6: 1.0, 7: 0.6666666666666666, 8: 1.0, 9: 0, 10: 0.5, 11: 0, 12: 0, 13: 0, 14: 0, 15: 0, 16: 0.3333333333333333, 17: 1.0, 18: 0, 19: 0.3333333333333333, 20: 1.0, 21: 1.0, 22: 0.6666666666666666, 23: 0.5, 24: 0.5, 25: 0.6, 26: 0.7, 27: 0.7, 28: 0.6, 29: 0.6666666666666666, 30: 0.3333333333333333, 31: 0.6666666666666666, 32: 0.5, 33: 1.0, 34: 0.5, 35: 0.3333333333333333, 36: 0.6666666666666666, 37: 0, 38: 0, 39: 0.5, 40: 0.8333333333333334, 41: 0.5, 42: 0.6, 43: 0.5, 44: 0.5, 45: 0.6666666666666666, 46: 0.3, 47: 0.6666666666666666, 48: 1.0, 49: 0, 50: 0.3333333333333333}
0.0566666666667
